036700
036701
036702
036703
036704
036705
036706
036707
036708
036709
036710
036711
036712
036713
036714
036715
036716
036717
036718
036719
036720
036721
036722
036723
036724
036725
036726
036727
036728
036729
036730
036731
036732
036733
036734
036735
036736
036737
036738
036739
036740
036741
036742
036743
036744
036745
036746
036747
036748
036749
036750
036751
036752
036753
036754
036755
036756
036757
036758
036759
036760
036761
036762
036763
036764
036765
036766
036767
036768
036769
036770
036771
036772
036773
036774
036775
036776
036777
036778
036779
036780
036781
036782
036783
036784
036785
036786
036787
036788
036789
036790
036791
036792
036793
036794
036795
036796
036797
036798
036799
036800
036801
036802
036803
036804
036805
036806
036807
036808
036809
036810
036811
036812
036813
036814
036815
036816
036817
036818
036819
036820
036821
036822
036823
036824
036825
036826
036827
036828
036829
036830
036831
036832
036833
036834
036835
036836
036837
036838
036839
036840
036841
036842
036843
036844
036845
036846
036847
036848
036849
036850
036851
036852
036853
036854
036855
036856
036857
036858
036859
036860
036861
036862
036863
036864
036865
036866
036867
036868
036869
036870
036871
036872
036873
036874
036875
036876
036877
036878
036879
036880
036881
036882
036883
036884
036885
036886
036887
036888
036889
036890
036891
036892
036893
036894
036895
036896
036897
036898
036899
036900
036901
036902
036903
036904
036905
036906
036907
036908
036909
036910
036911
036912
036913
036914
036915
036916
036917
036918
036919
036920
036921
036922
036923
036924
036925
036926
036927
036928
036929
036930
036931
036932
036933
036934
036935
036936
036937
036938
036939
036940
036941
036942
036943
036944
036945
036946
036947
036948
036949
036950
036951
036952
036953
036954
036955
036956
036957
036958
036959
036960
036961
036962
036963
036964
036965
036966
036967
036968
036969
036970
036971
036972
036973
036974
036975
036976
036977
036978
036979
036980
036981
036982
036983
036984
036985
036986
036987
036988
036989
036990
036991
036992
036993
036994
036995
036996
036997
036998
036999
